1240 3160 5080 7000 8920 10840 12760 14680 16600 18520 20440 22360 24280 26200 28120 30040 \n3160 9176 15192 21208 27224 33240 39256 45272 51288 57304 63320 69336 75352 81368 87384 93400 \n5080 15192 25304 35416 45528 55640 65752 75864 85976 96088 106200 116312 126424 136536 146648 156760 \n7000 21208 35416 49624 63832 78040 92248 106456 120664 134872 149080 163288 177496 191704 205912 220120 \n8920 27224 45528 63832 82136 100440 118744 137048 155352 173656 191960 210264 228568 246872 265176 283480 \n10840 33240 55640 78040 100440 122840 145240 167640 190040 212440 234840 257240 279640 302040 324440 346840 \n12760 39256 65752 92248 118744 145240 171736 198232 224728 251224 277720 304216 330712 357208 383704 410200 \n14680 45272 75864 106456 137048 167640 198232 228824 259416 290008 320600 351192 381784 412376 442968 473560 \n16600 51288 85976 120664 155352 190040 224728 259416 294104 328792 363480 398168 432856 467544 502232 536920 \n18520 57304 96088 134872 173656 212440 251224 290008 328792 367576 406360 445144 483928 522712 561496 600280 \n20440 63320 106200 149080 191960 234840 277720 320600 363480 406360 449240 492120 535000 577880 620760 663640 \n22360 69336 116312 163288 210264 257240 304216 351192 398168 445144 492120 539096 586072 633048 680024 727000 \n24280 75352 126424 177496 228568 279640 330712 381784 432856 483928 535000 586072 637144 688216 739288 790360 \n26200 81368 136536 191704 246872 302040 357208 412376 467544 522712 577880 633048 688216 743384 798552 853720 \n28120 87384 146648 205912 265176 324440 383704 442968 502232 561496 620760 680024 739288 798552 857816 917080 \n30040 93400 156760 220120 283480 346840 410200 473560 536920 600280 663640 727000 790360 853720 917080 980440 \n